
@prot_Hector	49357	15671	68.25

			prot_Hector
	--------------------------------------
Res.	#	ASA	%Tsur.	dASA	ExD
==============================================
_A  |	22	643	4.10	2486	25.86
_C  |	2	68	0.43	280	24.29
_D  |	19	1676	10.69	2869	58.42
_E  |	17	1634	10.43	3111	52.52
_F  |	6	322	2.05	1308	24.62
_G  |	23	733	4.68	1955	37.49
_H  |	8	337	2.15	1552	21.71
_I  |	16	309	1.97	2912	10.61
_K  |	25	2630	16.78	5275	49.86
_L  |	33	959	6.12	5940	16.14
_M  |	4	73	0.47	816	8.95
_N  |	14	748	4.77	2212	33.82
_P  |	16	835	5.33	2288	36.49
_Q  |	7	571	3.64	1323	43.16
_R  |	7	695	4.43	1687	41.20
_S  |	19	650	4.15	2318	28.04
_T  |	14	686	4.38	2044	33.56
_V  |	28	836	5.33	4480	18.66
_W  |	5	398	2.54	1295	30.73
_Y  |	14	868	5.54	3206	27.07
----------------------------------------------
Sum.|	350	15671	100	49357	623.22
==============================================

